hue:1.1310682
sat:5.8329906
intens:8.15625
erosion:1
red:4.875
blue:8.15625
green:6.421875
l:7
A:5
B:5
valL:57
valA:-70
valB:70
id:1
col:676829
