hue:1.1310682
sat:5.8329906
intens:8.15625
erosion:1
red:4.875
blue:8.15625
green:6.421875
l:7.6934085503921126
A:5.489310698881642
B:5.2502688562627426
valL:40.36610208615301
valA:34.44165302571385
valB:-75.01693707674528
id:1
col:676829
