%YAML:1.0
Cameras:
   - Camera  0
Camera  0:
   imageWidth: 640
   imageHeight: 480
   responseGamma: 0.
   cameraMatrix: !!opencv-matrix
      rows: 3
      cols: 3
      dt: d
      data: [513.9919, 0.0, 371.4183, 0.0, 504.3357, 222.17357, 0.0, 0.0, 1.0 ]

